6802641
6802641
6802641
6802641
6802641
6802641
4197021
4197021
4197021
4197021
4197021
14212542
14212542
14212542
14212542
14212542
14275356
14275356
14275356
14275356
14275356
9923567
9923567
9923567
9923567
9923567
4671455
4671455
4671455
4671455
4671455
4534034
4534034
4534034
4534034
4534034
4534034
15203227
15203227
15203227
15203227
15203227
15294964
15294964
15294964
15294964
15294964
14223159
14223159
14223159
14223159
14223159
13515807
13515807
13515807
13515807
13515807
14212458
14212458
14212458
14212458
14212458
15202045
15202045
10187091
10187091
15200883
15200883
17140821
17140821
3297050
3297050
5929721
5929721
7246121
7246121
7317629
7317629
7423137
7423137
7995469
7995469
8354086
8354086
8454926
8454926
9951374
9951374
10393510
10393510
11088832
11088832
14672645
14672645
15200575
15200575
15200632
15200632
15200720
15200720
15200774
15200774
15200841
15200841
15201117
15201117
15201384
15201384
15201565
15201565
15201608
15201608
15201703
15201703
15201809
15201809
15201877
15201877
15201965
15201965
4268411
4268411
4268411
4268411
2048125
2048125
2048125
2048125
17177636
17177636
17177636
17177636
16344861
16344861
16344861
16344861
12534403
12534403
11788793
11788793
10307816
10307816
10303888
10303888
5809942
5809942
4959332
4959332
2088575
2088575
1090679
1090679
1066298
1066298
1064277
1064277
1022228
1022228
1002387
1002387
14224033
14224033
14224033
14224033
14212794
14212794
14212794
14212794
14212755
14212755
14212755
14212755
14212639
14212639
14212639
14212639
14212497
14212497
14212497
14212497
2358949
2358949
2358949
2358949
14212434
14212434
14212434
14212434
12722092
12722092
12722092
12722092
12563902
12563902
12563902
12563902
4419716
4419716
4419716
4419716
4386374
4386374
4386374
4386374
11847881
11847881
11847881
11847881
4501625
4501625
14224110
14224110
14224110
14224110
15505976
15505976
15505976
15505976
15294924
15294924
15294924
15294924
15294873
15294873
15294873
15294873
15203295
15203295
15203295
15203295
11266960
11266960
11266960
11266960
9968010
9968010
9968010
9968010
9775352
9775352
9775352
9775352
9633272
9633272
9633272
9633272
8207271
8207271
8207271
8207271
7975199
7975199
7975199
7975199
5445747
5445747
5445747
5445747
15203263
15203263
15203263
15203263
15202831
15202831
15202831
15202831
14324471
14324471
14324471
14324471
14224171
14224171
14224171
14224171
14224049
14224049
14224049
14224049
15452833
15419464
5045603
17753882
17753882
15098243
15098243
13195154
13195154
